96
    0.98112E+00    0.18328E+01    0.98058E+00    0.18180E+01    0.97019E+00    0.18134E+01    0.97535E+00    0.18120E+01    0.20561E+01    0.96090E+00    0.25447E+01    0.24241E+01    0.96591E+00    0.13437E+01    0.17554E+01    0.98655E+00
    0.98252E+00    0.18222E+01    0.98017E+00    0.18299E+01    0.98112E+00    0.17742E+01    0.98735E+00    0.17832E+01    0.20317E+01    0.96852E+00    0.25659E+01    0.24135E+01    0.96920E+00    0.13469E+01    0.17270E+01    0.10353E+01
    0.98534E+00    0.17951E+01    0.97979E+00    0.18422E+01    0.98294E+00    0.17417E+01    0.99151E+00    0.17484E+01    0.20231E+01    0.97070E+00    0.25909E+01    0.24297E+01    0.97031E+00    0.13470E+01    0.17271E+01    0.10446E+01
    0.98839E+00    0.17587E+01    0.98010E+00    0.18347E+01    0.98465E+00    0.17071E+01    0.99476E+00    0.17114E+01    0.20097E+01    0.97132E+00    0.25999E+01    0.24134E+01    0.96976E+00    0.13477E+01    0.17258E+01    0.10475E+01
    0.99149E+00    0.17334E+01    0.98241E+00    0.18064E+01    0.98733E+00    0.16795E+01    0.99563E+00    0.16875E+01    0.19899E+01    0.97141E+00    0.25941E+01    0.23725E+01    0.97014E+00    0.13494E+01    0.17149E+01    0.10510E+01
    0.99320E+00    0.17184E+01    0.98489E+00    0.17724E+01    0.98879E+00    0.16606E+01    0.99837E+00    0.16661E+01    0.19708E+01    0.97175E+00    0.25851E+01    0.23179E+01    0.97014E+00    0.13510E+01    0.17052E+01    0.10530E+01
    0.99268E+00    0.17125E+01    0.98678E+00    0.17401E+01    0.98844E+00    0.16465E+01    0.10015E+01    0.16451E+01    0.19554E+01    0.97169E+00    0.25774E+01    0.22647E+01    0.96936E+00    0.13520E+01    0.16975E+01    0.10537E+01
    0.99207E+00    0.17063E+01    0.98817E+00    0.17084E+01    0.99052E+00    0.16268E+01    0.10057E+01    0.16201E+01    0.19416E+01    0.97163E+00    0.25695E+01    0.22097E+01    0.96962E+00    0.13536E+01    0.16899E+01    0.10546E+01
    0.99268E+00    0.16938E+01    0.98932E+00    0.16775E+01    0.99516E+00    0.16022E+01    0.10124E+01    0.15927E+01    0.19281E+01    0.97209E+00    0.25654E+01    0.21590E+01    0.96989E+00    0.13547E+01    0.16868E+01    0.10554E+01
    0.99304E+00    0.16805E+01    0.99146E+00    0.16475E+01    0.10033E+01    0.15712E+01    0.10231E+01    0.15587E+01    0.19167E+01    0.97244E+00    0.25637E+01    0.21245E+01    0.97028E+00    0.13550E+01    0.16873E+01    0.10552E+01
    0.99438E+00    0.16631E+01    0.99542E+00    0.16127E+01    0.10203E+01    0.15284E+01    0.10452E+01    0.15105E+01    0.19080E+01    0.97274E+00    0.25627E+01    0.21000E+01    0.97079E+00    0.13547E+01    0.16899E+01    0.10551E+01
    0.99730E+00    0.16454E+01    0.10033E+01    0.15726E+01    0.10521E+01    0.14718E+01    0.10868E+01    0.14469E+01    0.19025E+01    0.97290E+00    0.25627E+01    0.20850E+01    0.97103E+00    0.13538E+01    0.16939E+01    0.10554E+01
    0.10005E+01    0.16294E+01    0.10155E+01    0.15285E+01    0.11111E+01    0.13905E+01    0.11597E+01    0.13564E+01    0.18974E+01    0.97294E+00    0.25628E+01    0.20757E+01    0.97107E+00    0.13527E+01    0.16989E+01    0.10549E+01
    0.10017E+01    0.16215E+01    0.10280E+01    0.14987E+01    0.11896E+01    0.13025E+01    0.12493E+01    0.12618E+01    0.18942E+01    0.97317E+00    0.25653E+01    0.20756E+01    0.97057E+00    0.13512E+01    0.17040E+01    0.10533E+01
    0.10022E+01    0.16185E+01    0.10382E+01    0.14817E+01    0.12556E+01    0.12387E+01    0.13172E+01    0.11984E+01    0.18917E+01    0.97328E+00    0.25675E+01    0.20778E+01    0.97018E+00    0.13509E+01    0.17102E+01    0.10500E+01
    0.10037E+01    0.16132E+01    0.10469E+01    0.14683E+01    0.12978E+01    0.12005E+01    0.13559E+01    0.11646E+01    0.18912E+01    0.97332E+00    0.25672E+01    0.20772E+01    0.97008E+00    0.13504E+01    0.17102E+01    0.10484E+01
    0.10094E+01    0.15987E+01    0.10689E+01    0.14365E+01    0.13554E+01    0.11533E+01    0.14080E+01    0.11238E+01    0.18907E+01    0.97360E+00    0.25650E+01    0.20760E+01    0.97023E+00    0.13497E+01    0.17125E+01    0.10472E+01
    0.10189E+01    0.15762E+01    0.11075E+01    0.13863E+01    0.14210E+01    0.11041E+01    0.14582E+01    0.10858E+01    0.18889E+01    0.97395E+00    0.25621E+01    0.20746E+01    0.97014E+00    0.13491E+01    0.17114E+01    0.10470E+01
    0.10351E+01    0.15423E+01    0.11644E+01    0.13207E+01    0.14770E+01    0.10673E+01    0.14930E+01    0.10606E+01    0.18866E+01    0.97437E+00    0.25611E+01    0.20750E+01    0.97010E+00    0.13482E+01    0.17076E+01    0.10479E+01
    0.10572E+01    0.15032E+01    0.12381E+01    0.12432E+01    0.15254E+01    0.10384E+01    0.15181E+01    0.10440E+01    0.18829E+01    0.97548E+00    0.25604E+01    0.20731E+01    0.97079E+00    0.13475E+01    0.17004E+01    0.10497E+01
    0.10853E+01    0.14584E+01    0.13040E+01    0.11819E+01    0.15540E+01    0.10233E+01    0.15294E+01    0.10368E+01    0.18789E+01    0.97679E+00    0.25586E+01    0.20727E+01    0.97089E+00    0.13471E+01    0.16947E+01    0.10518E+01
    0.11272E+01    0.13989E+01    0.13686E+01    0.11282E+01    0.15790E+01    0.10125E+01    0.15393E+01    0.10312E+01    0.18719E+01    0.97818E+00    0.25557E+01    0.20716E+01    0.97113E+00    0.13475E+01    0.16884E+01    0.10544E+01
    0.11903E+01    0.13189E+01    0.14374E+01    0.10772E+01    0.16016E+01    0.10036E+01    0.15501E+01    0.10263E+01    0.18622E+01    0.98029E+00    0.25509E+01    0.20706E+01    0.97150E+00    0.13487E+01    0.16827E+01    0.10566E+01
    0.12623E+01    0.12390E+01    0.14861E+01    0.10465E+01    0.16202E+01    0.99783E+00    0.15583E+01    0.10233E+01    0.18536E+01    0.98227E+00    0.25433E+01    0.20700E+01    0.97161E+00    0.13510E+01    0.16772E+01    0.10585E+01
    0.13361E+01    0.11649E+01    0.15338E+01    0.10237E+01    0.16408E+01    0.99361E+00    0.15686E+01    0.10204E+01    0.18412E+01    0.98441E+00    0.25308E+01    0.20705E+01    0.97160E+00    0.13534E+01    0.16739E+01    0.10593E+01
    0.13986E+01    0.11076E+01    0.15838E+01    0.10063E+01    0.16664E+01    0.98984E+00    0.15819E+01    0.10175E+01    0.18217E+01    0.98682E+00    0.25102E+01    0.20668E+01    0.97143E+00    0.13557E+01    0.16731E+01    0.10594E+01
    0.14444E+01    0.10711E+01    0.16311E+01    0.99466E+00    0.16951E+01    0.98629E+00    0.15953E+01    0.10148E+01    0.17972E+01    0.98927E+00    0.24835E+01    0.20595E+01    0.97166E+00    0.13576E+01    0.16752E+01    0.10595E+01
    0.14778E+01    0.10490E+01    0.16721E+01    0.98785E+00    0.17204E+01    0.98394E+00    0.16047E+01    0.10134E+01    0.17731E+01    0.99158E+00    0.24526E+01    0.20504E+01    0.97233E+00    0.13592E+01    0.16780E+01    0.10593E+01
    0.15034E+01    0.10350E+01    0.17084E+01    0.98341E+00    0.17428E+01    0.98213E+00    0.16131E+01    0.10118E+01    0.17485E+01    0.99421E+00    0.24164E+01    0.20402E+01    0.97261E+00    0.13610E+01    0.16810E+01    0.10592E+01
    0.15221E+01    0.10270E+01    0.17407E+01    0.98032E+00    0.17602E+01    0.98118E+00    0.16217E+01    0.10105E+01    0.17242E+01    0.99700E+00    0.23769E+01    0.20304E+01    0.97303E+00    0.13629E+01    0.16808E+01    0.10598E+01
    0.15365E+01    0.10228E+01    0.17694E+01    0.97808E+00    0.17728E+01    0.98078E+00    0.16281E+01    0.10099E+01    0.17002E+01    0.10002E+01    0.23344E+01    0.20201E+01    0.97359E+00    0.13651E+01    0.16764E+01    0.10612E+01
    0.15506E+01    0.10195E+01    0.17925E+01    0.97678E+00    0.17820E+01    0.98061E+00    0.16338E+01    0.10094E+01    0.16744E+01    0.10045E+01    0.22884E+01    0.20088E+01    0.97403E+00    0.13678E+01    0.16720E+01    0.10620E+01
    0.15651E+01    0.10165E+01    0.18105E+01    0.97604E+00    0.17902E+01    0.98015E+00    0.16395E+01    0.10085E+01    0.16471E+01    0.10093E+01    0.22416E+01    0.19972E+01    0.97455E+00    0.13712E+01    0.16704E+01    0.10623E+01
    0.15808E+01    0.10135E+01    0.18256E+01    0.97532E+00    0.17971E+01    0.97940E+00    0.16428E+01    0.10080E+01    0.16178E+01    0.10159E+01    0.21940E+01    0.19861E+01    0.97505E+00    0.13754E+01    0.16711E+01    0.10620E+01
    0.15974E+01    0.10101E+01    0.18380E+01    0.97470E+00    0.18007E+01    0.97924E+00    0.16438E+01    0.10084E+01    0.15865E+01    0.10250E+01    0.21469E+01    0.19727E+01    0.97572E+00    0.13795E+01    0.16721E+01    0.10615E+01
    0.16149E+01    0.10063E+01    0.18501E+01    0.97429E+00    0.18016E+01    0.97961E+00    0.16452E+01    0.10088E+01    0.15531E+01    0.10364E+01    0.20996E+01    0.19562E+01    0.97683E+00    0.13832E+01    0.16722E+01    0.10616E+01
    0.16331E+01    0.10025E+01    0.18618E+01    0.97379E+00    0.18017E+01    0.97985E+00    0.16473E+01    0.10088E+01    0.15160E+01    0.10530E+01    0.20521E+01    0.19404E+01    0.97780E+00    0.13876E+01    0.16724E+01    0.10617E+01
    0.16498E+01    0.99949E+00    0.18716E+01    0.97306E+00    0.18026E+01    0.97996E+00    0.16490E+01    0.10088E+01    0.14723E+01    0.10779E+01    0.20052E+01    0.19255E+01    0.97875E+00    0.13931E+01    0.16736E+01    0.10621E+01
    0.16655E+01    0.99653E+00    0.18806E+01    0.97260E+00    0.18029E+01    0.98012E+00    0.16501E+01    0.10086E+01    0.14217E+01    0.11130E+01    0.19607E+01    0.19120E+01    0.97979E+00    0.13992E+01    0.16735E+01    0.10624E+01
    0.16817E+01    0.99350E+00    0.18856E+01    0.97253E+00    0.18018E+01    0.98016E+00    0.16521E+01    0.10081E+01    0.13630E+01    0.11610E+01    0.19163E+01    0.19017E+01    0.98059E+00    0.14062E+01    0.16707E+01    0.10622E+01
    0.16971E+01    0.99058E+00    0.18878E+01    0.97236E+00    0.17986E+01    0.98079E+00    0.16545E+01    0.10080E+01    0.13046E+01    0.12145E+01    0.18751E+01    0.18937E+01    0.98149E+00    0.14137E+01    0.16664E+01    0.10624E+01
    0.17121E+01    0.98744E+00    0.18917E+01    0.97179E+00    0.17939E+01    0.98180E+00    0.16563E+01    0.10082E+01    0.12501E+01    0.12691E+01    0.18390E+01    0.18857E+01    0.98228E+00    0.14202E+01    0.16636E+01    0.10628E+01
    0.17269E+01    0.98414E+00    0.18963E+01    0.97139E+00    0.17886E+01    0.98259E+00    0.16579E+01    0.10083E+01    0.11935E+01    0.13311E+01    0.17983E+01    0.18762E+01    0.98366E+00    0.14278E+01    0.16608E+01    0.10635E+01
    0.17416E+01    0.98121E+00    0.19005E+01    0.97146E+00    0.17823E+01    0.98363E+00    0.16579E+01    0.10086E+01    0.11436E+01    0.13917E+01    0.17573E+01    0.18664E+01    0.98538E+00    0.14365E+01    0.16578E+01    0.10647E+01
    0.17564E+01    0.97923E+00    0.19034E+01    0.97169E+00    0.17760E+01    0.98449E+00    0.16584E+01    0.10091E+01    0.11069E+01    0.14442E+01    0.17163E+01    0.18535E+01    0.98731E+00    0.14446E+01    0.16532E+01    0.10659E+01
    0.17759E+01    0.97677E+00    0.19049E+01    0.97200E+00    0.17699E+01    0.98534E+00    0.16583E+01    0.10098E+01    0.10758E+01    0.14965E+01    0.16702E+01    0.18327E+01    0.99027E+00    0.14537E+01    0.16457E+01    0.10673E+01
    0.17943E+01    0.97559E+00    0.19042E+01    0.97210E+00    0.17637E+01    0.98575E+00    0.16546E+01    0.10112E+01    0.10520E+01    0.15431E+01    0.16297E+01    0.18057E+01    0.99470E+00    0.14625E+01    0.16330E+01    0.10706E+01
    0.18173E+01    0.97360E+00    0.19044E+01    0.97240E+00    0.17592E+01    0.98622E+00    0.16526E+01    0.10123E+01    0.10334E+01    0.15888E+01    0.15879E+01    0.17650E+01    0.10025E+01    0.14728E+01    0.16127E+01    0.10766E+01
    0.18371E+01    0.97242E+00    0.19049E+01    0.97279E+00    0.17535E+01    0.98625E+00    0.16507E+01    0.10128E+01    0.10219E+01    0.16269E+01    0.15541E+01    0.17112E+01    0.10156E+01    0.14826E+01    0.15834E+01    0.10869E+01
    0.18552E+01    0.97193E+00    0.19022E+01    0.97258E+00    0.17472E+01    0.98602E+00    0.16503E+01    0.10132E+01    0.10127E+01    0.16613E+01    0.15281E+01    0.16418E+01    0.10378E+01    0.14927E+01    0.15372E+01    0.11074E+01
    0.18718E+01    0.97208E+00    0.18971E+01    0.97256E+00    0.17403E+01    0.98615E+00    0.16524E+01    0.10126E+01    0.10073E+01    0.16870E+01    0.15099E+01    0.15609E+01    0.10742E+01    0.15057E+01    0.14773E+01    0.11416E+01
    0.18828E+01    0.97221E+00    0.18955E+01    0.97194E+00    0.17302E+01    0.98708E+00    0.16569E+01    0.10108E+01    0.10043E+01    0.17023E+01    0.14978E+01    0.14651E+01    0.11329E+01    0.15212E+01    0.13934E+01    0.11995E+01
    0.18864E+01    0.97225E+00    0.18974E+01    0.97191E+00    0.17272E+01    0.98720E+00    0.16585E+01    0.10100E+01    0.10019E+01    0.17080E+01    0.14911E+01    0.13971E+01    0.11849E+01    0.15326E+01    0.13351E+01    0.12481E+01
    0.18872E+01    0.97215E+00    0.18960E+01    0.97227E+00    0.17257E+01    0.98747E+00    0.16587E+01    0.10100E+01    0.10009E+01    0.17110E+01    0.14874E+01    0.13417E+01    0.12339E+01    0.15417E+01    0.12735E+01    0.13049E+01
    0.18895E+01    0.97228E+00    0.18942E+01    0.97301E+00    0.17244E+01    0.98731E+00    0.16592E+01    0.10096E+01    0.10002E+01    0.17131E+01    0.14839E+01    0.12843E+01    0.12889E+01    0.15511E+01    0.12036E+01    0.13774E+01
    0.18925E+01    0.97200E+00    0.18901E+01    0.97413E+00    0.17212E+01    0.98766E+00    0.16592E+01    0.10095E+01    0.99934E+00    0.17164E+01    0.14796E+01    0.12307E+01    0.13449E+01    0.15622E+01    0.11481E+01    0.14400E+01
    0.18955E+01    0.97181E+00    0.18853E+01    0.97481E+00    0.17173E+01    0.98804E+00    0.16604E+01    0.10099E+01    0.99702E+00    0.17264E+01    0.14714E+01    0.11677E+01    0.14212E+01    0.15837E+01    0.10892E+01    0.15215E+01
    0.19009E+01    0.97184E+00    0.18756E+01    0.97511E+00    0.17129E+01    0.98804E+00    0.16612E+01    0.10099E+01    0.99466E+00    0.17407E+01    0.14607E+01    0.11210E+01    0.14901E+01    0.16106E+01    0.10488E+01    0.15928E+01
    0.19065E+01    0.97167E+00    0.18682E+01    0.97532E+00    0.17075E+01    0.98771E+00    0.16616E+01    0.10106E+01    0.99305E+00    0.17574E+01    0.14506E+01    0.10898E+01    0.15506E+01    0.16403E+01    0.10237E+01    0.16526E+01
    0.19134E+01    0.97108E+00    0.18622E+01    0.97518E+00    0.17034E+01    0.98865E+00    0.16631E+01    0.10108E+01    0.99144E+00    0.17786E+01    0.14408E+01    0.10710E+01    0.16006E+01    0.16712E+01    0.10111E+01    0.16950E+01
    0.19208E+01    0.97066E+00    0.18570E+01    0.97549E+00    0.16991E+01    0.98901E+00    0.16656E+01    0.10105E+01    0.98965E+00    0.18007E+01    0.14324E+01    0.10594E+01    0.16421E+01    0.17011E+01    0.10041E+01    0.17307E+01
    0.19277E+01    0.97065E+00    0.18549E+01    0.97550E+00    0.16939E+01    0.98929E+00    0.16661E+01    0.10101E+01    0.98813E+00    0.18250E+01    0.14240E+01    0.10511E+01    0.16832E+01    0.17343E+01    0.99887E+00    0.17642E+01
    0.19327E+01    0.97046E+00    0.18546E+01    0.97475E+00    0.16901E+01    0.98992E+00    0.16667E+01    0.10099E+01    0.98681E+00    0.18505E+01    0.14162E+01    0.10448E+01    0.17196E+01    0.17708E+01    0.99493E+00    0.17922E+01
    0.19363E+01    0.97016E+00    0.18559E+01    0.97431E+00    0.16872E+01    0.99049E+00    0.16639E+01    0.10110E+01    0.98525E+00    0.18765E+01    0.14073E+01    0.10391E+01    0.17546E+01    0.18125E+01    0.99267E+00    0.18135E+01
    0.19415E+01    0.96979E+00    0.18541E+01    0.97450E+00    0.16844E+01    0.99086E+00    0.16628E+01    0.10113E+01    0.98401E+00    0.19013E+01    0.13992E+01    0.10350E+01    0.17845E+01    0.18551E+01    0.99051E+00    0.18290E+01
    0.19461E+01    0.96986E+00    0.18547E+01    0.97473E+00    0.16826E+01    0.99106E+00    0.16604E+01    0.10118E+01    0.98312E+00    0.19228E+01    0.13919E+01    0.10318E+01    0.18093E+01    0.19009E+01    0.98840E+00    0.18406E+01
    0.19479E+01    0.96996E+00    0.18562E+01    0.97496E+00    0.16835E+01    0.99064E+00    0.16570E+01    0.10125E+01    0.98210E+00    0.19421E+01    0.13849E+01    0.10293E+01    0.18329E+01    0.19510E+01    0.98721E+00    0.18485E+01
    0.19439E+01    0.97019E+00    0.18573E+01    0.97486E+00    0.16852E+01    0.99017E+00    0.16540E+01    0.10126E+01    0.98135E+00    0.19593E+01    0.13772E+01    0.10270E+01    0.18559E+01    0.20042E+01    0.98680E+00    0.18536E+01
    0.19399E+01    0.97042E+00    0.18586E+01    0.97487E+00    0.16855E+01    0.98997E+00    0.16517E+01    0.10128E+01    0.98082E+00    0.19724E+01    0.13708E+01    0.10253E+01    0.18737E+01    0.20516E+01    0.98702E+00    0.18547E+01
    0.19360E+01    0.97031E+00    0.18603E+01    0.97491E+00    0.16851E+01    0.99034E+00    0.16489E+01    0.10131E+01    0.98008E+00    0.19860E+01    0.13641E+01    0.10237E+01    0.18925E+01    0.21057E+01    0.98754E+00    0.18534E+01
    0.19315E+01    0.96974E+00    0.18621E+01    0.97479E+00    0.16858E+01    0.99079E+00    0.16441E+01    0.10138E+01    0.97961E+00    0.19979E+01    0.13587E+01    0.10224E+01    0.19128E+01    0.21562E+01    0.98767E+00    0.18536E+01
    0.19248E+01    0.96912E+00    0.18643E+01    0.97416E+00    0.16872E+01    0.99129E+00    0.16382E+01    0.10149E+01    0.97922E+00    0.20098E+01    0.13538E+01    0.10212E+01    0.19346E+01    0.22098E+01    0.98794E+00    0.18538E+01
    0.19196E+01    0.96942E+00    0.18630E+01    0.97379E+00    0.16896E+01    0.99100E+00    0.16325E+01    0.10162E+01    0.97870E+00    0.20204E+01    0.13491E+01    0.10205E+01    0.19501E+01    0.22597E+01    0.98801E+00    0.18529E+01
    0.19175E+01    0.97028E+00    0.18587E+01    0.97371E+00    0.16949E+01    0.98951E+00    0.16250E+01    0.10186E+01    0.97822E+00    0.20303E+01    0.13446E+01    0.10204E+01    0.19626E+01    0.23111E+01    0.98790E+00    0.18518E+01
    0.19163E+01    0.97068E+00    0.18559E+01    0.97334E+00    0.17005E+01    0.98834E+00    0.16162E+01    0.10208E+01    0.97808E+00    0.20401E+01    0.13410E+01    0.10203E+01    0.19758E+01    0.23637E+01    0.98814E+00    0.18495E+01
    0.19154E+01    0.97098E+00    0.18526E+01    0.97338E+00    0.17051E+01    0.98762E+00    0.16065E+01    0.10227E+01    0.97786E+00    0.20507E+01    0.13378E+01    0.10198E+01    0.19892E+01    0.24176E+01    0.98803E+00    0.18479E+01
    0.19145E+01    0.97116E+00    0.18481E+01    0.97368E+00    0.17111E+01    0.98670E+00    0.15954E+01    0.10259E+01    0.97709E+00    0.20620E+01    0.13352E+01    0.10196E+01    0.20015E+01    0.24738E+01    0.98786E+00    0.18479E+01
    0.19141E+01    0.97123E+00    0.18452E+01    0.97386E+00    0.17164E+01    0.98605E+00    0.15846E+01    0.10294E+01    0.97641E+00    0.20720E+01    0.13337E+01    0.10197E+01    0.20116E+01    0.25269E+01    0.98801E+00    0.18466E+01
    0.19132E+01    0.97143E+00    0.18426E+01    0.97357E+00    0.17203E+01    0.98578E+00    0.15753E+01    0.10329E+01    0.97602E+00    0.20806E+01    0.13326E+01    0.10199E+01    0.20204E+01    0.25839E+01    0.98835E+00    0.18449E+01
    0.19116E+01    0.97139E+00    0.18393E+01    0.97302E+00    0.17237E+01    0.98548E+00    0.15666E+01    0.10363E+01    0.97581E+00    0.20857E+01    0.13326E+01    0.10200E+01    0.20267E+01    0.26406E+01    0.98841E+00    0.18446E+01
    0.19099E+01    0.97112E+00    0.18370E+01    0.97308E+00    0.17283E+01    0.98512E+00    0.15598E+01    0.10392E+01    0.97554E+00    0.20885E+01    0.13333E+01    0.10201E+01    0.20316E+01    0.26961E+01    0.98801E+00    0.18448E+01
    0.19102E+01    0.97049E+00    0.18350E+01    0.97364E+00    0.17307E+01    0.98488E+00    0.15574E+01    0.10398E+01    0.97509E+00    0.20894E+01    0.13347E+01    0.10203E+01    0.20361E+01    0.27546E+01    0.98815E+00    0.18440E+01
    0.19112E+01    0.96962E+00    0.18352E+01    0.97399E+00    0.17287E+01    0.98539E+00    0.15588E+01    0.10379E+01    0.97457E+00    0.20886E+01    0.13364E+01    0.10200E+01    0.20414E+01    0.28125E+01    0.98866E+00    0.18445E+01
    0.19131E+01    0.96840E+00    0.18355E+01    0.97445E+00    0.17220E+01    0.98742E+00    0.15595E+01    0.10369E+01    0.97417E+00    0.20864E+01    0.13374E+01    0.10198E+01    0.20426E+01    0.28707E+01    0.98869E+00    0.18470E+01
    0.19193E+01    0.96689E+00    0.18363E+01    0.97454E+00    0.17166E+01    0.98957E+00    0.15594E+01    0.10368E+01    0.97423E+00    0.20849E+01    0.13384E+01    0.10197E+01    0.20405E+01    0.29281E+01    0.98792E+00    0.18494E+01
    0.19270E+01    0.96699E+00    0.18415E+01    0.97422E+00    0.17161E+01    0.99064E+00    0.15563E+01    0.10385E+01    0.97474E+00    0.20893E+01    0.13402E+01    0.10199E+01    0.20332E+01    0.29854E+01    0.98707E+00    0.18506E+01
    0.19365E+01    0.96886E+00    0.18531E+01    0.97343E+00    0.17188E+01    0.98925E+00    0.15507E+01    0.10425E+01    0.97514E+00    0.20965E+01    0.13407E+01    0.10202E+01    0.20221E+01    0.30416E+01    0.98740E+00    0.18465E+01
    0.19487E+01    0.96928E+00    0.18654E+01    0.97199E+00    0.17139E+01    0.98936E+00    0.15537E+01    0.10414E+01    0.97516E+00    0.21018E+01    0.13431E+01    0.10206E+01    0.20109E+01    0.30945E+01    0.98834E+00    0.18437E+01
    0.19630E+01    0.96922E+00    0.18745E+01    0.97127E+00    0.17149E+01    0.98862E+00    0.15549E+01    0.10401E+01    0.97521E+00    0.21026E+01    0.13467E+01    0.10210E+01    0.20020E+01    0.31497E+01    0.98940E+00    0.18396E+01
    0.19756E+01    0.96893E+00    0.18811E+01    0.97109E+00    0.17237E+01    0.98740E+00    0.15515E+01    0.10410E+01    0.97486E+00    0.21056E+01    0.13490E+01    0.10211E+01    0.19930E+01    0.32047E+01    0.99017E+00    0.18329E+01
    0.19897E+01    0.96861E+00    0.18882E+01    0.97099E+00    0.17352E+01    0.98728E+00    0.15427E+01    0.10446E+01    0.97449E+00    0.21108E+01    0.13494E+01    0.10211E+01    0.19822E+01    0.32580E+01    0.99006E+00    0.18312E+01
    0.20084E+01    0.96883E+00    0.18907E+01    0.97165E+00    0.17563E+01    0.98459E+00    0.15264E+01    0.10522E+01    0.97447E+00    0.21144E+01    0.13483E+01    0.10215E+01    0.19714E+01    0.33093E+01    0.98958E+00    0.18392E+01
    0.20347E+01    0.96845E+00    0.18949E+01    0.97220E+00    0.17615E+01    0.98373E+00    0.15206E+01    0.10536E+01    0.97477E+00    0.21202E+01    0.13471E+01    0.10217E+01    0.19682E+01    0.33604E+01    0.98895E+00    0.18529E+01
    0.20680E+01    0.96790E+00    0.19020E+01    0.97327E+00    0.17530E+01    0.98299E+00    0.15148E+01    0.10544E+01    0.97494E+00    0.21290E+01    0.13446E+01    0.10213E+01    0.19722E+01    0.34069E+01    0.98790E+00    0.18707E+01
    0.21041E+01    0.96947E+00    0.19260E+01    0.97215E+00    0.17456E+01    0.98026E+00    0.15030E+01    0.10605E+01    0.97404E+00    0.21391E+01    0.13326E+01    0.10206E+01    0.19820E+01    0.34473E+01    0.98472E+00    0.19035E+01
    0.21127E+01    0.97549E+00    0.19596E+01    0.96795E+00    0.17345E+01    0.97436E+00    0.14982E+01    0.10687E+01    0.97163E+00    0.21519E+01    0.13007E+01    0.10199E+01    0.19973E+01    0.34605E+01    0.98025E+00    0.19330E+01
 
